Week_Ending,Vehicle,Beginning_Mileage,Ending_Mileage,Total_Miles,Office,Year,Make,Model
10/2/2021,160,65945,66002,57,CS,2013,Chevy,Silverado
10/9/2021,160,66002,66037,35,CS,2013,Chevy,Silverado
10/16/2021,160,66037,66063,26,CS,2013,Chevy,Silverado
10/23/2021,160,66063,66131,68,CS,2013,Chevy,Silverado
10/30/2021,160,66131,66246,115,CS,2013,Chevy,Silverado
11/6/2021,160,66246,66315,69,CS,2013,Chevy,Silverado
11/13/2021,160,66315,66361,46,CS,2013,Chevy,Silverado
11/20/2021,160,66361,66442,81,CS,2013,Chevy,Silverado
12/4/2021,160,66442,66514,72,CS,2013,Chevy,Silverado
12/11/2021,160,66514,66570,56,CS,2013,Chevy,Silverado
12/18/2021,160,66570,66629,59,CS,2013,Chevy,Silverado
12/25/2021,160,66629,66667,38,CS,2013,Chevy,Silverado
1/1/2022,160,66667,66707,40,CS,2013,Chevy,Silverado
1/8/2022,160,66707,66776,69,CS,2013,Chevy,Silverado
1/15/2022,160,66776,66839,63,CS,2013,Chevy,Silverado
1/22/2022,160,66839,66885,46,CS,2013,Chevy,Silverado
1/29/2022,160,66885,66942,57,CS,2013,Chevy,Silverado
2/5/2022,160,66942,67000,58,CS,2013,Chevy,Silverado
2/12/2022,160,67000,67057,57,CS,2013,Chevy,Silverado
2/19/2022,160,67057,67115,58,CS,2013,Chevy,Silverado
2/26/2022,160,67115,67177,62,CS,2013,Chevy,Silverado
3/5/2022,160,67177,67234,57,CS,2013,Chevy,Silverado
3/12/2022,160,67234,67292,58,CS,2013,Chevy,Silverado
3/19/2022,160,67292,67332,40,CS,2013,Chevy,Silverado
4/2/2022,160,67332,67377,45,CS,2013,Chevy,Silverado
