Week_Ending,Vehicle,Beginning_Mileage,Ending_Mileage,Total_Miles,Office,Year,Make,Model
1/22/2022,254,268,765,497,GS,2022,Toyota,Tacoma
1/29/2022,254,765,1088,323,GS,2022,Toyota,Tacoma
2/5/2022,254,1088,1514,426,GS,2022,Toyota,Tacoma
2/12/2022,254,1514,1805,291,GS,2022,Toyota,Tacoma
2/19/2022,254,1805,2067,262,GS,2022,Toyota,Tacoma
2/26/2022,254,2067,2345,278,GS,2022,Toyota,Tacoma
3/5/2022,254,2345,2684,339,GS,2022,Toyota,Tacoma
3/12/2022,254,2684,3161,477,GS,2022,Toyota,Tacoma
3/19/2022,254,3161,3571,410,GS,2022,Toyota,Tacoma
3/26/2022,254,3571,3990,419,GS,2022,Toyota,Tacoma
4/2/2022,254,3990,4284,294,GS,2022,Toyota,Tacoma
,,,,,,,,
,,,,,,,,
,,,,,,,,
,,,,,,,,
,,,,,,,,
,,,,,,,,
,,,,,,,,
,,,,,,,,
,,,,,,,,
,,,,,,,,
,,,,,,,,
,,,,,,,,
,,,,,,,,
,,,,,,,,
,,,,,,,,
,,,,,,,,
,,,,,,,,
,,,,,,,,
,,,,,,,,
,,,,,,,,
