Week_Ending,Vehicle,Beginning_Mileage,Ending_Mileage,Total_Miles,Office,Year,Make,Model
10/2/2021,737,238982,239380,398,GS,2012,Toyota,Tacoma
10/9/2021,737,239380,239606,226,GS,2012,Toyota,Tacoma
10/16/2021,737,239606,239793,187,GS,2012,Toyota,Tacoma
10/23/2021,737,239793,240104,311,GS,2012,Toyota,Tacoma
10/30/2021,737,240104,240284,180,GS,2012,Toyota,Tacoma
11/6/2021,737,240284,240783,499,GS,2012,Toyota,Tacoma
11/13/2021,737,240783,241028,245,GS,2012,Toyota,Tacoma
11/27/2021,737,241028,241243,215,GS,2012,Toyota,Tacoma
12/4/2021,737,241243,241673,430,GS,2012,Toyota,Tacoma
12/11/2021,737,241673,241785,112,GS,2012,Toyota,Tacoma
12/18/2021,737,241785,242095,310,GS,2012,Toyota,Tacoma
,,,,,,,,
,,,,,,,,
,,,,,,,,
,,,,,,,,
,,,,,,,,
,,,,,,,,
,,,,,,,,
,,,,,,,,
,,,,,,,,
,,,,,,,,
,,,,,,,,
,,,,,,,,
,,,,,,,,
,,,,,,,,
,,,,,,,,
,,,,,,,,
,,,,,,,,
,,,,,,,,
,,,,,,,,
,,,,,,,,
